# ESTRUCTURA DE ENERGIA VITAMIN-J+ (211 GRUPOS)  --  fronteras en eV
#
# Fuente primaria : ENEA, informe tecnico ADPFISS-LP1-107, Tabla 2
#                   'Energy group boundaries of the Vitamin-J+ (211-energy group structure)'
#                   https://iris.enea.it/retrieve/dd11e37c-dbb1-5d97-e053-d805fe0a6f04/ADPFISS-LP1-107.pdf
#                   NOTA: la columna de la tabla original esta escalada; los valores aqui
#                   son los de la tabla multiplicados por 1E-4 para expresarlos en eV
#                   (equivalentemente, x1E-10 para MeV).
# Validacion       : las 175 fronteras inferiores de los grupos 37..211 coinciden con la
#                   Tabla III.1 del manual ACAB v.2008 (Vitamin-J 175 grupos, Emin en MeV)
#                   dentro del redondeo a 3 cifras del manual: 0 discrepancias > 0,5 %.
#                   Los grupos 1..36 son la extension 20 -> 55 MeV en 36 intervalos de
#                   1,000 MeV descrita en el texto del manual (pag. 26).
# Correspondencia  : grupo Vitamin-J n  <->  grupo Vitamin-J+ g = n + 36
# Orden            : descendente en energia (grupo 1 = 55 MeV ... grupo 211 = 1E-5 eV)
# Uso en COLLAPS   : ILIB = IESF = 12 ; NGROUP negativo (orden descendente)
#
# grupo   E_sup(eV)      E_inf(eV)
     1    5.500000E+07   5.400000E+07
     2    5.400000E+07   5.300000E+07
     3    5.300000E+07   5.200000E+07
     4    5.200000E+07   5.100000E+07
     5    5.100000E+07   5.000000E+07
     6    5.000000E+07   4.900000E+07
     7    4.900000E+07   4.800000E+07
     8    4.800000E+07   4.700000E+07
     9    4.700000E+07   4.600000E+07
    10    4.600000E+07   4.500000E+07
    11    4.500000E+07   4.400000E+07
    12    4.400000E+07   4.300000E+07
    13    4.300000E+07   4.200000E+07
    14    4.200000E+07   4.100000E+07
    15    4.100000E+07   4.000000E+07
    16    4.000000E+07   3.900000E+07
    17    3.900000E+07   3.800000E+07
    18    3.800000E+07   3.700000E+07
    19    3.700000E+07   3.600000E+07
    20    3.600000E+07   3.500000E+07
    21    3.500000E+07   3.400000E+07
    22    3.400000E+07   3.300000E+07
    23    3.300000E+07   3.200000E+07
    24    3.200000E+07   3.100000E+07
    25    3.100000E+07   3.000000E+07
    26    3.000000E+07   2.900000E+07
    27    2.900000E+07   2.800000E+07
    28    2.800000E+07   2.700000E+07
    29    2.700000E+07   2.600000E+07
    30    2.600000E+07   2.500000E+07
    31    2.500000E+07   2.400000E+07
    32    2.400000E+07   2.300000E+07
    33    2.300000E+07   2.200000E+07
    34    2.200000E+07   2.100000E+07
    35    2.100000E+07   2.000000E+07
    36    2.000000E+07   1.964000E+07
    37    1.964000E+07   1.733300E+07
    38    1.733300E+07   1.690500E+07
    39    1.690500E+07   1.648700E+07
    40    1.648700E+07   1.568300E+07
    41    1.568300E+07   1.491800E+07
    42    1.491800E+07   1.455000E+07
    43    1.455000E+07   1.419100E+07
    44    1.419100E+07   1.384000E+07
    45    1.384000E+07   1.349900E+07
    46    1.349900E+07   1.284000E+07
    47    1.284000E+07   1.252300E+07
    48    1.252300E+07   1.221400E+07
    49    1.221400E+07   1.161800E+07
    50    1.161800E+07   1.105200E+07
    51    1.105200E+07   1.051300E+07
    52    1.051300E+07   1.000000E+07
    53    1.000000E+07   9.512300E+06
    54    9.512300E+06   9.048400E+06
    55    9.048400E+06   8.607100E+06
    56    8.607100E+06   8.187300E+06
    57    8.187300E+06   7.788000E+06
    58    7.788000E+06   7.408200E+06
    59    7.408200E+06   7.046900E+06
    60    7.046900E+06   6.703200E+06
    61    6.703200E+06   6.592400E+06
    62    6.592400E+06   6.376300E+06
    63    6.376300E+06   6.065300E+06
    64    6.065300E+06   5.769500E+06
    65    5.769500E+06   5.488100E+06
    66    5.488100E+06   5.220500E+06
    67    5.220500E+06   4.965900E+06
    68    4.965900E+06   4.723700E+06
    69    4.723700E+06   4.493300E+06
    70    4.493300E+06   4.065700E+06
    71    4.065700E+06   3.678800E+06
    72    3.678800E+06   3.328700E+06
    73    3.328700E+06   3.166400E+06
    74    3.166400E+06   3.011900E+06
    75    3.011900E+06   2.865100E+06
    76    2.865100E+06   2.725300E+06
    77    2.725300E+06   2.592400E+06
    78    2.592400E+06   2.466000E+06
    79    2.466000E+06   2.385200E+06
    80    2.385200E+06   2.365300E+06
    81    2.365300E+06   2.345700E+06
    82    2.345700E+06   2.306900E+06
    83    2.306900E+06   2.231300E+06
    84    2.231300E+06   2.122500E+06
    85    2.122500E+06   2.019000E+06
    86    2.019000E+06   1.920500E+06
    87    1.920500E+06   1.826800E+06
    88    1.826800E+06   1.737700E+06
    89    1.737700E+06   1.653000E+06
    90    1.653000E+06   1.572400E+06
    91    1.572400E+06   1.495700E+06
    92    1.495700E+06   1.422700E+06
    93    1.422700E+06   1.353400E+06
    94    1.353400E+06   1.287400E+06
    95    1.287400E+06   1.224600E+06
    96    1.224600E+06   1.164800E+06
    97    1.164800E+06   1.108000E+06
    98    1.108000E+06   1.002600E+06
    99    1.002600E+06   9.616400E+05
   100    9.616400E+05   9.071800E+05
   101    9.071800E+05   8.629400E+05
   102    8.629400E+05   8.208500E+05
   103    8.208500E+05   7.808200E+05
   104    7.808200E+05   7.427400E+05
   105    7.427400E+05   7.065100E+05
   106    7.065100E+05   6.720600E+05
   107    6.720600E+05   6.392800E+05
   108    6.392800E+05   6.081000E+05
   109    6.081000E+05   5.784400E+05
   110    5.784400E+05   5.502300E+05
   111    5.502300E+05   5.234000E+05
   112    5.234000E+05   4.978700E+05
   113    4.978700E+05   4.504900E+05
   114    4.504900E+05   4.076200E+05
   115    4.076200E+05   3.877400E+05
   116    3.877400E+05   3.688300E+05
   117    3.688300E+05   3.337300E+05
   118    3.337300E+05   3.019700E+05
   119    3.019700E+05   2.984900E+05
   120    2.984900E+05   2.972100E+05
   121    2.972100E+05   2.945200E+05
   122    2.945200E+05   2.872500E+05
   123    2.872500E+05   2.732400E+05
   124    2.732400E+05   2.472400E+05
   125    2.472400E+05   2.351800E+05
   126    2.351800E+05   2.237100E+05
   127    2.237100E+05   2.128000E+05
   128    2.128000E+05   2.024200E+05
   129    2.024200E+05   1.925500E+05
   130    1.925500E+05   1.831600E+05
   131    1.831600E+05   1.742200E+05
   132    1.742200E+05   1.657300E+05
   133    1.657300E+05   1.576400E+05
   134    1.576400E+05   1.499600E+05
   135    1.499600E+05   1.426400E+05
   136    1.426400E+05   1.356900E+05
   137    1.356900E+05   1.290700E+05
   138    1.290700E+05   1.227700E+05
   139    1.227700E+05   1.167900E+05
   140    1.167900E+05   1.110900E+05
   141    1.110900E+05   9.803700E+04
   142    9.803700E+04   8.651700E+04
   143    8.651700E+04   8.250300E+04
   144    8.250300E+04   7.949900E+04
   145    7.949900E+04   7.199800E+04
   146    7.199800E+04   6.737900E+04
   147    6.737900E+04   5.656200E+04
   148    5.656200E+04   5.247500E+04
   149    5.247500E+04   4.630900E+04
   150    4.630900E+04   4.086800E+04
   151    4.086800E+04   3.430700E+04
   152    3.430700E+04   3.182800E+04
   153    3.182800E+04   2.850100E+04
   154    2.850100E+04   2.700000E+04
   155    2.700000E+04   2.605800E+04
   156    2.605800E+04   2.478800E+04
   157    2.478800E+04   2.417600E+04
   158    2.417600E+04   2.357900E+04
   159    2.357900E+04   2.187500E+04
   160    2.187500E+04   1.930500E+04
   161    1.930500E+04   1.503400E+04
   162    1.503400E+04   1.170900E+04
   163    1.170900E+04   1.059500E+04
   164    1.059500E+04   9.118800E+03
   165    9.118800E+03   7.101700E+03
   166    7.101700E+03   5.530800E+03
   167    5.530800E+03   4.307400E+03
   168    4.307400E+03   3.707400E+03
   169    3.707400E+03   3.354600E+03
   170    3.354600E+03   3.035400E+03
   171    3.035400E+03   2.746500E+03
   172    2.746500E+03   2.612600E+03
   173    2.612600E+03   2.485200E+03
   174    2.485200E+03   2.248700E+03
   175    2.248700E+03   2.034700E+03
   176    2.034700E+03   1.584600E+03
   177    1.584600E+03   1.234100E+03
   178    1.234100E+03   9.611200E+02
   179    9.611200E+02   7.485200E+02
   180    7.485200E+02   5.829500E+02
   181    5.829500E+02   4.540000E+02
   182    4.540000E+02   3.535800E+02
   183    3.535800E+02   2.753600E+02
   184    2.753600E+02   2.144500E+02
   185    2.144500E+02   1.670200E+02
   186    1.670200E+02   1.300700E+02
   187    1.300700E+02   1.013000E+02
   188    1.013000E+02   7.889300E+01
   189    7.889300E+01   6.144200E+01
   190    6.144200E+01   4.785100E+01
   191    4.785100E+01   3.726700E+01
   192    3.726700E+01   2.902300E+01
   193    2.902300E+01   2.260300E+01
   194    2.260300E+01   1.760400E+01
   195    1.760400E+01   1.371000E+01
   196    1.371000E+01   1.067700E+01
   197    1.067700E+01   8.315300E+00
   198    8.315300E+00   6.476000E+00
   199    6.476000E+00   5.043500E+00
   200    5.043500E+00   3.927900E+00
   201    3.927900E+00   3.059000E+00
   202    3.059000E+00   2.382400E+00
   203    2.382400E+00   1.855400E+00
   204    1.855400E+00   1.445000E+00
   205    1.445000E+00   1.125400E+00
   206    1.125400E+00   8.764300E-01
   207    8.764300E-01   6.825600E-01
   208    6.825600E-01   5.315800E-01
   209    5.315800E-01   4.139900E-01
   210    4.139900E-01   1.000000E-01
   211    1.000000E-01   1.000000E-05
