Activation of tellurium oxide
<Block #1, card #2
 0  IUNC
<Block #1, card #3
 3851 250000 1 0 1 0 1 2 0 24 1 0 4 1 1 0 1 0 0 1 0
<Block #2, card #1  XRR
1.000000E+00 1.000000E+00
<Block #2, card #3  MA
 1
<Block #2, card #4  NUCZO
 1
<Block #2, card #6  EGRP
2.000000E+01 1.400000E+01 1.200000E+01 1.000000E+01 8.000000E+00 6.500000E+00 5.000000E+00 4.000000E+00
3.000000E+00 2.500000E+00 2.000000E+00 1.700000E+00 1.400000E+00 1.200000E+00 1.000000E+00 8.000000E-01
6.000000E-01 4.000000E-01 3.000000E-01 2.000000E-01 1.000000E-01 5.000000E-02 2.000000E-02 1.000000E-02
0.000000E+00
<Block #2, card #7  CUTOFF
0.000000E+00 0.000000E+00 0.000000E+00 0.000000E+00 0.000000E+00 0.000000E+00
<Block #2, card #8  NTO
0 0 0 0 0 0 1 0 0 0 0 0 0 0 0 0 0 0
<Block #3  FLUX
1.003800E+14
<Block #4  Restart option
 0  IREST
<Block #5  Initial material composition  zone 1
521240
2.237000E-05
<Blocks #7,#8  Irradiation and cooling temporal history
 10 10   1  0  3 0   1 0   
2.500000E-01 5.000000E-01 7.500000E-01 1.000000E+00 1.250000E+00
1.500000E+00 1.750000E+00 2.000000E+00 2.250000E+00 2.500000E+00
<continue
 10 10   1 10  3 0   1 0   
2.750000E+00 3.000000E+00 3.250000E+00 3.500000E+00 3.750000E+00
4.000000E+00 4.250000E+00 4.500000E+00 4.750000E+00 5.000000E+00
<continue
 10 10   1 10  3 0   1 0   
6.000000E+00 7.000000E+00 8.000000E+00 9.000000E+00 1.000000E+01
1.100000E+01 1.200000E+01 1.300000E+01 1.400000E+01 1.500000E+01
<continue
 10 10   1 10  3 0   1 0   
1.700000E+01 1.900000E+01 2.100000E+01 2.300000E+01 2.500000E+01
2.700000E+01 2.900000E+01 3.100000E+01 3.300000E+01 3.500000E+01
<continue
 10 10   1 10  3 0   1 0   
3.800000E+01 4.100000E+01 4.400000E+01 4.700000E+01 5.000000E+01
5.300000E+01 5.600000E+01 5.900000E+01 6.200000E+01 6.500000E+01
<continue
 10 10   1 10  3 0   1 0   
6.800000E+01 7.100000E+01 7.400000E+01 7.700000E+01 8.000000E+01
8.300000E+01 8.600000E+01 8.900000E+01 9.200000E+01 9.500000E+01
<continue
 10 10   1 10  3 0   1 0   
9.800000E+01 1.010000E+02 1.040000E+02 1.070000E+02 1.100000E+02
1.130000E+02 1.160000E+02 1.190000E+02 1.220000E+02 1.250000E+02
<continue
  9  9   1 10  3 0   1 0   
1.280000E+02 1.310000E+02 1.340000E+02 1.370000E+02 1.400000E+02
1.430000E+02 1.460000E+02 1.490000E+02 1.500000E+02
<continue
  0 10   1  9  3 0   1 0   
2.500000E-01 5.000000E-01 7.500000E-01 1.000000E+00 1.250000E+00
1.500000E+00 1.750000E+00 2.000000E+00 2.250000E+00 2.500000E+00
<continue
  0 10   1 10  3 0   1 0   
2.750000E+00 3.000000E+00 3.250000E+00 3.500000E+00 3.750000E+00
4.000000E+00 4.250000E+00 4.500000E+00 4.750000E+00 5.000000E+00
<continue
  0 10   1 10  3 0   1 0   
5.250000E+00 5.500000E+00 5.750000E+00 6.000000E+00 6.250000E+00
6.500000E+00 6.750000E+00 7.000000E+00 7.250000E+00 7.500000E+00
<continue
  0 10   1 10  3 0   1 0   
7.750000E+00 8.000000E+00 8.250000E+00 8.500000E+00 8.750000E+00
9.000000E+00 9.250000E+00 9.500000E+00 9.750000E+00 1.000000E+01
<continue
  0 10   1 10  3 0   1 0   
1.040000E+01 1.080000E+01 1.120000E+01 1.160000E+01 1.200000E+01
1.240000E+01 1.280000E+01 1.320000E+01 1.360000E+01 1.400000E+01
<continue
  0 10   1 10  3 0   1 0   
1.450000E+01 1.500000E+01 1.550000E+01 1.600000E+01 1.650000E+01
1.700000E+01 1.750000E+01 1.800000E+01 1.850000E+01 1.900000E+01
<continue
  0 10   1 10  3 0   1 0   
1.950000E+01 2.000000E+01 2.050000E+01 2.100000E+01 2.150000E+01
2.200000E+01 2.250000E+01 2.300000E+01 2.350000E+01 2.400000E+01
<continue
  0 10   1 10  3 0   1 0   
2.520000E+01 2.640000E+01 2.760000E+01 2.880000E+01 3.000000E+01
3.120000E+01 3.240000E+01 3.360000E+01 3.480000E+01 3.600000E+01
<continue
  0 10   1 10  3 0   1 0   
3.720000E+01 3.840000E+01 3.960000E+01 4.080000E+01 4.200000E+01
4.320000E+01 4.440000E+01 4.560000E+01 4.680000E+01 4.800000E+01
<continue
  0 10   1 10  3 0   1 0   
5.040000E+01 5.280000E+01 5.520000E+01 5.760000E+01 6.000000E+01
6.240000E+01 6.480000E+01 6.720000E+01 6.960000E+01 7.200000E+01
<continue
  0 10   1 10  3 0   1 0   
7.560000E+01 7.920000E+01 8.280000E+01 8.640000E+01 9.000000E+01
9.360000E+01 9.720000E+01 1.008000E+02 1.044000E+02 1.080000E+02
<continue
  0 10   0 10  3 0   1 0   
1.116000E+02 1.152000E+02 1.188000E+02 1.224000E+02 1.260000E+02
1.296000E+02 1.332000E+02 1.368000E+02 1.404000E+02 1.440000E+02
<Block #9 ERR XNORM
 1.000000E-25 1.000000E+00
<Block #10 Fission product inventory
 0   0   0
<Block #11 Type of run
 1 0 0 0 0 0 0 0 0 0  IWP IMTX IWDR IDOSE IPHCUT IDHEAT IOFFSD ICEDE INEMISS IDAMAGE
 0 0 20 0  NOPUL NTSEQ NOTTS NVFL
<Block #12 Instantaneous feed of material
 0  IIFD
<Block #13 Output control
 0   1  NCYO IFSO
1 1 1 1 1 1 1 1 1 1 1 1 1 1 1 1 1 1 1 1
